# unix_time, cycles_done, cur_path, paths_total, pending_total, pending_favs, map_size, unique_crashes, unique_hangs, max_depth, execs_per_sec
1493368650, 0, 0, 5, 5, 1, 1.32%, 0, 0, 1, 98.09
1493368655, 1, 11, 12, 7, 0, 1.32%, 0, 0, 2, 2141.64
1493368661, 3, 9, 21, 12, 0, 1.32%, 0, 0, 3, 2042.11
1493368666, 3, 18, 22, 11, 0, 1.32%, 0, 0, 3, 14995.69
1493368671, 7, 14, 25, 9, 0, 1.33%, 0, 0, 4, 13754.21
1493368676, 10, 22, 30, 10, 0, 1.33%, 0, 0, 5, 2361.63
1493368684, 10, 22, 31, 11, 0, 1.33%, 0, 0, 5, 69.27
1493368689, 10, 28, 32, 9, 0, 1.33%, 0, 0, 5, 2075.18
1493368700, 11, 30, 32, 7, 0, 1.33%, 0, 0, 5, 474.78
1493368708, 11, 30, 33, 8, 0, 1.33%, 0, 0, 6, 445.31
1493368716, 11, 30, 35, 10, 0, 1.33%, 0, 0, 6, 336.80
1493368724, 11, 34, 35, 9, 0, 1.33%, 0, 0, 6, 98.83
1493368730, 12, 29, 37, 10, 0, 1.36%, 0, 0, 6, 2102.79
1493368735, 13, 7, 41, 13, 0, 1.37%, 1, 0, 6, 14083.96
1493368740, 14, 41, 43, 13, 0, 1.37%, 1, 0, 6, 1580.25
1493368746, 14, 43, 45, 14, 0, 1.37%, 1, 0, 6, 1307.85
1493368751, 15, 39, 48, 15, 0, 1.37%, 1, 0, 7, 262.57
1493368756, 15, 48, 52, 18, 0, 1.37%, 2, 0, 8, 1253.06
1493368761, 16, 24, 53, 17, 0, 1.37%, 2, 0, 8, 12891.77
1493368766, 16, 30, 54, 17, 0, 1.37%, 3, 0, 8, 13925.00
1493368771, 16, 31, 56, 19, 0, 1.37%, 3, 0, 8, 1608.86
1493368779, 16, 33, 56, 18, 0, 1.37%, 3, 0, 8, 5.57
1493368784, 16, 46, 59, 20, 0, 1.37%, 3, 0, 8, 1972.78
1493368790, 16, 54, 62, 22, 0, 1.37%, 3, 0, 8, 2322.03
1493368797, 16, 56, 62, 21, 0, 1.37%, 3, 0, 8, 330.46
1493368808, 17, 50, 64, 21, 0, 1.37%, 3, 0, 9, 1626.08
1493368816, 17, 53, 66, 21, 0, 1.37%, 3, 0, 9, 408.58
1493368823, 17, 53, 67, 22, 0, 1.37%, 3, 0, 9, 389.64
